1.234868
1.317315
0.022202
0.007221
0.516291
0.458553
0.042547
0.038951
2.511519
2.228738
0.340608
0.361192
0.340498
0.336988
0.729116
0.855532
0.868294
0.730077
0.489154
0.400292
0.020438
0.021311
1.991424
1.802296
0.280862
0.306416
0.307326
0.334842
0.333116
0.321108
0.332578
0.333894
0.724154
0.696360
0.200267
0.206937
0.191454
0.208124
0.165282
0.169621
0.719156
0.834727
0.965766
0.903416
1.720179
1.769658
0.698809
0.760151
0.903070
0.892974
0.006482
0.004924
0.006263
0.004380
0.027517
0.028378
0.024539
0.027674
0.169046
0.132144
0.146918
0.128388
0.001924
0.001722
0.032159
0.028938
0.026089
0.026501
0.040230
0.044748
0.039204
0.046417
0.027292
0.025213
0.027423
0.029899
0.024449
0.033237
0.033314
0.022482
0.030834
0.029593
0.032316
0.023446
0.026466
0.024324
0.022978
0.024402
0.035425
0.025417
0.024213
0.026583
0.022759
0.025575
0.051548
0.023051
0.028940
0.032059
0.039961
0.031821
0.032802
0.025306
0.025245
0.022941