0.102677
0.086040
0.016629
0.017717
0.039033
0.026786
0.117809
0.123877
0.085709
0.084466
0.169382
0.197332
0.023659
0.024812
0.100539
0.105708
0.084062
0.087290
0.085856
0.097466
0.192383
0.199301
0.193249
0.168201
0.151745
0.137871
0.100548
0.108164
0.186480
0.177203
0.135972
0.140671
0.103780
0.109047
0.011362
0.012295
0.008018
0.009194
0.028647
0.033214
0.031755
0.027831
0.013760
0.015683
0.019557
0.017011
0.002801
0.002683
0.022747
0.029694
0.030034
0.037541
0.025551
0.020164
0.018151
0.019815
0.023055
0.016998
0.014459
0.017984
0.019456
0.019697
0.019540
0.015964
0.017066
0.013818
0.012973
0.014718
0.012597
0.015978
0.017935
0.016588
0.022821
0.016564
0.017532
0.023776
0.013798
0.012218
0.015167
0.012502
0.019541
0.019009
0.019851
0.014242
0.016004
0.017886
0.014219
0.016003
