10.492041
8.827938
0.014707
0.011797
991.969595
1025.605655
0.445085
0.524177
118.494906
121.226236
10.088101
9.994382
9.738569
9.649360
3.037068
3.066017
175.008577
169.834064
59.435178
64.396952
0.452439
0.454616
665.726670
609.176676
0.114728
0.114667
0.129237
0.131629
0.124024
0.119531
0.126577
0.110742
261.522209
249.969180
11.957279
12.248381
12.424868
12.063184
38.979489
40.398880
6.440476
6.339583
24.483092
23.458352
34.911890
33.919126
111.513632
112.663480
264.162997
254.899138
0.008360
0.009143
0.006280
0.009708
0.398221
0.401689
0.386452
0.400164
1.154852
1.133230
1.686999
1.846933
7.514669
7.449980
7.470455
7.797430
0.061483
0.052852
1.045340
1.014136
1.058789
1.087520
1.056114
1.074731
1.144395
1.036210
1.152332
1.095859
1.124378
1.147836
1.121211
1.141090
1.189477
1.100358
1.131560
1.140840
1.150910
1.118339
1.186947
1.137049
1.090966
1.186227
1.168879
1.229585
1.158748
1.163914
1.139218
1.108368
1.084927
1.138702
1.177410
1.159280
1.178120
1.188984
1.191507
1.199058
1.159535
1.124073